date_in_year,deaths,html,total_deaths
0401,26,X,26
0402,19,X,45
0403,19,X,64
0404,11,X,75
0405,20,X,95
0406,20,X,115
0407,18,X,133
0408,17,X,150
0409,18,X,168
0410,21,X,189
0411,22,X,211
0412,19,X,230
0413,11,X,241
0414,17,X,258
0415,13,X,271
0416,10,X,281
0417,20,X,301
0418,17,X,318
0419,17,X,335
0420,13,X,348
0421,13,X,361
0422,6,X,367
