date_in_year,deaths,html,total_deaths
0301,32,X,32
0302,28,X,60
0303,32,X,92
0304,31,X,123
0305,30,X,153
0306,27,X,180
0307,26,X,206
0308,24,X,230
0309,25,X,255
0310,31,X,286
0311,17,X,303
0312,17,X,320
0313,31,X,351
0314,17,X,368
0315,15,X,383
0316,10,X,393
0317,15,X,408
0318,12,X,420
0319,16,X,436
0320,14,X,450
0321,14,X,464
0322,9,X,473
0323,3,X,476
