date_in_year,deaths,html,total_deaths
0201,20,X,20
0202,15,X,35
0203,24,X,59
0204,14,X,73
0205,14,X,87
0206,20,X,107
0207,18,X,125
0208,23,X,148
0209,13,X,161
0210,16,X,177
0211,19,X,196
0212,24,X,220
0213,18,X,238
0214,17,X,255
0215,13,X,268
0216,14,X,282
0217,15,X,297
0218,10,X,307
