date_in_year,deaths,html,total_deaths
0201,22,X,22
0202,18,X,40
0203,22,X,62
0204,16,X,78
0205,16,X,94
0206,23,X,117
0207,21,X,138
0208,25,X,163
0209,15,X,178
0210,20,X,198
0211,21,X,219
0212,25,X,244
0213,28,X,272
0214,21,X,293
0215,15,X,308
0216,18,X,326
0217,34,X,360
0218,21,X,381
0219,28,X,409
0220,18,X,427
0221,22,X,449
0222,17,X,466
0223,17,X,483
0224,12,X,495
0225,20,X,515
0226,20,X,535
0227,13,X,548
0228,17,X,565
0301,16,X,581
0302,4,X,585
0303,6,X,591
0304,1,X,592
