date_in_year,deaths,html,total_deaths
0501,20,X,20
0502,27,X,47
0503,20,X,67
0504,16,X,83
0505,15,X,98
0506,18,X,116
0507,17,X,133
0508,20,X,153
0509,13,X,166
0510,10,X,176
0511,13,X,189
0512,15,X,204
0513,15,X,219
0514,17,X,236
0515,11,X,247
0516,8,X,255
0517,7,X,262
0518,2,X,264
