date_in_year,deaths,html,total_deaths
0401,24,X,24
0402,16,X,40
0403,17,X,57
0404,8,X,65
0405,18,X,83
0406,19,X,102
0407,16,X,118
0408,12,X,130
0409,12,X,142
0410,14,X,156
0411,13,X,169
0412,5,X,174
