date_in_year,deaths,html,total_deaths
0201,21,X,21
0202,16,X,37
0203,26,X,63
0204,18,X,81
0205,16,X,97
0206,22,X,119
0207,19,X,138
0208,23,X,161
0209,14,X,175
0210,19,X,194
0211,19,X,213
0212,25,X,238
0213,23,X,261
0214,17,X,278
0215,15,X,293
0216,18,X,311
0217,30,X,341
0218,21,X,362
0219,27,X,389
0220,15,X,404
0221,15,X,419
0222,13,X,432
0223,8,X,440
0224,5,X,445
0225,1,X,446
