date_in_year,deaths,html,total_deaths
0501,19,X,19
0502,27,X,46
0503,19,X,65
0504,16,X,81
0505,15,X,96
0506,17,X,113
0507,15,X,128
0508,19,X,147
0509,12,X,159
0510,6,X,165
0511,12,X,177
0512,11,X,188
0513,10,X,198
0514,4,X,202
