date_in_year,deaths,html,total_deaths
0201,19,X,19
0202,15,X,34
0203,24,X,58
0204,14,X,72
0205,14,X,86
0206,19,X,105
0207,18,X,123
0208,23,X,146
0209,13,X,159
0210,16,X,175
0211,19,X,194
0212,23,X,217
0213,18,X,235
0214,16,X,251
0215,12,X,263
0216,10,X,273
0217,4,X,277
