date_in_year,deaths,html,total_deaths
0401,26,X,26
0402,19,X,45
0403,19,X,64
0404,11,X,75
0405,20,X,95
0406,20,X,115
0407,18,X,133
0408,17,X,150
0409,18,X,168
0410,22,X,190
0411,22,X,212
0412,19,X,231
0413,11,X,242
0414,17,X,259
0415,13,X,272
0416,10,X,282
0417,20,X,302
0418,17,X,319
0419,18,X,337
0420,13,X,350
0421,13,X,363
0422,6,X,369
0423,2,X,371
