date_in_year,deaths,html,total_deaths
0401,23,X,23
0402,16,X,39
0403,15,X,54
0404,8,X,62
0405,18,X,80
0406,18,X,98
0407,16,X,114
0408,12,X,126
0409,11,X,137
0410,10,X,147
0411,5,X,152
