date_in_year,deaths,html,total_deaths
0401,24,X,24
0402,17,X,41
0403,17,X,58
0404,8,X,66
0405,18,X,84
0406,19,X,103
0407,16,X,119
0408,13,X,132
0409,13,X,145
0410,14,X,159
0411,14,X,173
0412,9,X,182
0413,2,X,184
