date_in_year,deaths,html,total_deaths
0401,17,X,17
0402,19,X,36
0403,22,X,58
0404,11,X,69
0405,20,X,89
0406,20,X,109
0407,18,X,127
0408,18,X,145
0409,20,X,165
0410,22,X,187
0411,24,X,211
0412,20,X,231
0413,13,X,244
0414,19,X,263
0415,13,X,276
0416,11,X,287
0417,20,X,307
0418,17,X,324
0419,18,X,342
0420,21,X,363
0421,18,X,381
0422,20,X,401
0423,19,X,420
0424,10,X,430
0425,8,X,438
0426,9,X,447
0427,12,X,459
0428,10,X,469
0429,4,X,473
0430,4,X,477
