date_in_year,deaths,html,total_deaths
0501,18,X,18
0502,25,X,43
0503,15,X,58
0504,14,X,72
0505,11,X,83
0506,11,X,94
0507,13,X,107
0508,10,X,117
0509,10,X,127
0510,4,X,131
0511,4,X,135
