date_in_year,deaths,html,total_deaths
0201,21,X,21
0202,18,X,39
0203,26,X,65
0204,18,X,83
0205,16,X,99
0206,23,X,122
0207,21,X,143
0208,24,X,167
0209,15,X,182
0210,20,X,202
0211,20,X,222
0212,24,X,246
0213,24,X,270
0214,21,X,291
0215,15,X,306
0216,18,X,324
0217,32,X,356
0218,21,X,377
0219,28,X,405
0220,16,X,421
0221,21,X,442
0222,15,X,457
0223,16,X,473
0224,11,X,484
0225,15,X,499
0226,15,X,514
0227,4,X,518
0228,1,X,519
