date_in_year,deaths,html,total_deaths
0401,26,X,26
0402,19,X,45
0403,20,X,65
0404,11,X,76
0405,20,X,96
0406,20,X,116
0407,18,X,134
0408,17,X,151
0409,18,X,169
0410,22,X,191
0411,23,X,214
0412,20,X,234
0413,12,X,246
0414,18,X,264
0415,13,X,277
0416,11,X,288
0417,20,X,308
0418,17,X,325
0419,18,X,343
0420,18,X,361
0421,17,X,378
0422,18,X,396
0423,17,X,413
0424,9,X,422
0425,4,X,426
0426,4,X,430
0427,1,X,431
