date_in_year,deaths,html,total_deaths
0301,32,X,32
0302,28,X,60
0303,32,X,92
0304,31,X,123
0305,30,X,153
0306,27,X,180
0307,26,X,206
0308,24,X,230
0309,25,X,255
0310,31,X,286
0311,17,X,303
0312,17,X,320
0313,32,X,352
0314,18,X,370
0315,17,X,387
0316,13,X,400
0317,16,X,416
0318,15,X,431
0319,16,X,447
0320,15,X,462
0321,16,X,478
0322,14,X,492
0323,13,X,505
0324,6,X,511
