date_in_year,deaths,html,total_deaths
0301,20,X,20
0302,9,X,29
0303,17,X,46
0304,16,X,62
0305,17,X,79
0306,14,X,93
0307,13,X,106
0308,14,X,120
0309,12,X,132
0310,8,X,140
0311,4,X,144
