date_in_year,deaths,html,total_deaths
0301,20,X,20
0302,28,X,48
0303,33,X,81
0304,31,X,112
0305,30,X,142
0306,29,X,171
0307,27,X,198
0308,24,X,222
0309,25,X,247
0310,33,X,280
0311,20,X,300
0312,19,X,319
0313,32,X,351
0314,20,X,371
0315,17,X,388
0316,17,X,405
0317,18,X,423
0318,17,X,440
0319,19,X,459
0320,18,X,477
0321,19,X,496
0322,20,X,516
0323,20,X,536
0324,22,X,558
0325,14,X,572
0326,13,X,585
0327,18,X,603
0328,13,X,616
0329,11,X,627
0330,2,X,629
