date_in_year,deaths,html,total_deaths
0301,32,X,32
0302,28,X,60
0303,33,X,93
0304,31,X,124
0305,30,X,154
0306,29,X,183
0307,27,X,210
0308,24,X,234
0309,25,X,259
0310,33,X,292
0311,19,X,311
0312,18,X,329
0313,32,X,361
0314,20,X,381
0315,17,X,398
0316,16,X,414
0317,18,X,432
0318,16,X,448
0319,18,X,466
0320,17,X,483
0321,19,X,502
0322,18,X,520
0323,18,X,538
0324,19,X,557
0325,9,X,566
0326,9,X,575
0327,7,X,582
0328,1,X,583
