date_in_year,deaths,html,total_deaths
0501,20,X,20
0502,27,X,47
0503,20,X,67
0504,16,X,83
0505,15,X,98
0506,19,X,117
0507,17,X,134
0508,22,X,156
0509,13,X,169
0510,11,X,180
0511,13,X,193
0512,15,X,208
0513,20,X,228
0514,18,X,246
0515,15,X,261
0516,13,X,274
0517,16,X,290
0518,14,X,304
0519,13,X,317
0520,4,X,321
0521,1,X,322
