date_in_year,deaths,html,total_deaths
0301,18,X,18
0302,11,X,29
0303,18,X,47
0304,19,X,66
0305,30,X,96
0306,30,X,126
0307,27,X,153
0308,24,X,177
0309,25,X,202
0310,33,X,235
0311,20,X,255
0312,19,X,274
0313,32,X,306
0314,20,X,326
0315,19,X,345
0316,17,X,362
0317,18,X,380
0318,17,X,397
0319,20,X,417
0320,18,X,435
0321,20,X,455
0322,22,X,477
0323,22,X,499
0324,23,X,522
0325,17,X,539
0326,15,X,554
0327,24,X,578
0328,17,X,595
0329,12,X,607
0330,12,X,619
0331,13,X,632
0401,13,X,645
0402,4,X,649
