date_in_year,deaths,html,total_deaths
0101,25,X,25
0102,15,X,40
0103,17,X,57
0104,26,X,83
0105,24,X,107
0106,20,X,127
0107,27,X,154
0108,25,X,179
0109,25,X,204
0110,19,X,223
0111,25,X,248
0112,17,X,265
0113,25,X,290
0114,12,X,302
0115,30,X,332
0116,14,X,346
0117,24,X,370
0118,26,X,396
0119,23,X,419
0120,26,X,445
0121,20,X,465
0122,25,X,490
0123,27,X,517
0124,14,X,531
0125,24,X,555
0126,25,X,580
0127,27,X,607
0128,25,X,632
0129,10,X,642
0130,9,X,651
0131,9,X,660
0201,7,X,667
