date_in_year,deaths,html,total_deaths
0601,14,X,14
0602,18,X,32
0603,14,X,46
0604,11,X,57
0605,15,X,72
0606,19,X,91
0607,19,X,110
0608,18,X,128
0609,17,X,145
0610,8,X,153
0611,7,X,160
0612,17,X,177
0613,10,X,187
0614,7,X,194
0615,4,X,198
