date_in_year,deaths,html,total_deaths
0101,25,X,25
0102,15,X,40
0103,20,X,60
0104,26,X,86
0105,24,X,110
0106,20,X,130
0107,27,X,157
0108,25,X,182
0109,25,X,207
0110,19,X,226
0111,24,X,250
0112,17,X,267
0113,25,X,292
0114,12,X,304
0115,30,X,334
0116,14,X,348
0117,24,X,372
0118,26,X,398
0119,23,X,421
0120,26,X,447
0121,20,X,467
0122,25,X,492
0123,27,X,519
0124,14,X,533
0125,24,X,557
0126,25,X,582
0127,26,X,608
0128,24,X,632
0129,10,X,642
0130,9,X,651
0131,8,X,659
0201,7,X,666
