date_in_year,deaths,html,total_deaths
0401,26,X,26
0402,19,X,45
0403,21,X,66
0404,11,X,77
0405,20,X,97
0406,20,X,117
0407,18,X,135
0408,17,X,152
0409,19,X,171
0410,22,X,193
0411,23,X,216
0412,20,X,236
0413,13,X,249
0414,19,X,268
0415,13,X,281
0416,11,X,292
0417,20,X,312
0418,17,X,329
0419,18,X,347
0420,19,X,366
0421,17,X,383
0422,18,X,401
0423,17,X,418
0424,10,X,428
0425,8,X,436
0426,7,X,443
0427,8,X,451
0428,3,X,454
