date_in_year,deaths,html,total_deaths
0301,32,X,32
0302,28,X,60
0303,33,X,93
0304,31,X,124
0305,30,X,154
0306,27,X,181
0307,27,X,208
0308,24,X,232
0309,25,X,257
0310,32,X,289
0311,17,X,306
0312,17,X,323
0313,32,X,355
0314,18,X,373
0315,17,X,390
0316,14,X,404
0317,16,X,420
0318,16,X,436
0319,18,X,454
0320,16,X,470
0321,17,X,487
0322,15,X,502
0323,13,X,515
0324,8,X,523
0325,1,X,524
