date_in_year,deaths,html,total_deaths
0101,25,X,25
0102,15,X,40
0103,17,X,57
0104,26,X,83
0105,24,X,107
0106,20,X,127
0107,27,X,154
0108,25,X,179
0109,25,X,204
0110,19,X,223
0111,24,X,247
0112,17,X,264
0113,25,X,289
0114,12,X,301
0115,30,X,331
0116,14,X,345
0117,24,X,369
0118,26,X,395
0119,23,X,418
0120,26,X,444
0121,20,X,464
0122,25,X,489
0123,27,X,516
0124,14,X,530
0125,24,X,554
0126,25,X,579
0127,26,X,605
0128,24,X,629
0129,10,X,639
0130,9,X,648
0131,9,X,657
0201,7,X,664
