date_in_year,deaths,html,total_deaths
0601,14,X,14
0602,18,X,32
0603,14,X,46
0604,11,X,57
0605,16,X,73
0606,19,X,92
0607,20,X,112
0608,18,X,130
0609,17,X,147
0610,8,X,155
0611,8,X,163
0612,17,X,180
0613,10,X,190
0614,10,X,200
0615,6,X,206
