date_in_year,deaths,html,total_deaths
0201,21,X,21
0202,17,X,38
0203,26,X,64
0204,18,X,82
0205,16,X,98
0206,22,X,120
0207,20,X,140
0208,24,X,164
0209,15,X,179
0210,19,X,198
0211,20,X,218
0212,25,X,243
0213,23,X,266
0214,18,X,284
0215,14,X,298
0216,18,X,316
0217,31,X,347
0218,21,X,368
0219,28,X,396
0220,15,X,411
0221,16,X,427
0222,14,X,441
0223,13,X,454
0224,5,X,459
0225,8,X,467
