date_in_year,deaths,html,total_deaths
0401,26,X,26
0402,19,X,45
0403,19,X,64
0404,11,X,75
0405,20,X,95
0406,20,X,115
0407,18,X,133
0408,17,X,150
0409,18,X,168
0410,22,X,190
0411,23,X,213
0412,20,X,233
0413,11,X,244
0414,17,X,261
0415,13,X,274
0416,11,X,285
0417,20,X,305
0418,17,X,322
0419,18,X,340
0420,14,X,354
0421,14,X,368
0422,12,X,380
0423,6,X,386
0424,1,X,387
