date_in_year,deaths,html,total_deaths
0501,18,X,18
0502,23,X,41
0503,21,X,62
0504,17,X,79
0505,15,X,94
0506,20,X,114
0507,19,X,133
0508,22,X,155
0509,14,X,169
0510,14,X,183
0511,14,X,197
0512,16,X,213
0513,22,X,235
0514,19,X,254
0515,20,X,274
0516,17,X,291
0517,16,X,307
0518,18,X,325
0519,19,X,344
0520,20,X,364
0521,15,X,379
0522,15,X,394
0523,19,X,413
0524,18,X,431
0525,11,X,442
0526,11,X,453
0527,9,X,462
0528,14,X,476
0529,7,X,483
0530,9,X,492
0531,9,X,501
