date_in_year,deaths,html,total_deaths
0601,14,X,14
0602,18,X,32
0603,14,X,46
0604,12,X,58
0605,17,X,75
0606,19,X,94
0607,21,X,115
0608,18,X,133
0609,17,X,150
0610,8,X,158
0611,11,X,169
0612,19,X,188
0613,11,X,199
0614,10,X,209
0615,9,X,218
0616,13,X,231
0617,7,X,238
