date_in_year,deaths,html,total_deaths
0401,18,X,18
0402,14,X,32
0403,21,X,53
0404,11,X,64
0405,20,X,84
0406,20,X,104
0407,18,X,122
0408,18,X,140
0409,20,X,160
0410,22,X,182
0411,24,X,206
0412,20,X,226
0413,13,X,239
0414,19,X,258
0415,13,X,271
0416,11,X,282
0417,20,X,302
0418,17,X,319
0419,18,X,337
0420,21,X,358
0421,18,X,376
0422,20,X,396
0423,20,X,416
0424,8,X,424
0425,8,X,432
0426,9,X,441
0427,13,X,454
0428,12,X,466
0429,8,X,474
0430,4,X,478
0501,1,X,479
