date_in_year,deaths,html,total_deaths
0201,18,X,18
0202,13,X,31
0203,23,X,54
0204,12,X,66
0205,12,X,78
0206,17,X,95
0207,17,X,112
0208,20,X,132
0209,8,X,140
0210,8,X,148
