date_in_year,deaths,html,total_deaths
0301,20,X,20
0302,9,X,29
0303,17,X,46
0304,16,X,62
0305,16,X,78
0306,14,X,92
0307,13,X,105
0308,14,X,119
0309,10,X,129
0310,4,X,133
