date_in_year,deaths,html,total_deaths
0301,32,X,32
0302,28,X,60
0303,33,X,93
0304,31,X,124
0305,30,X,154
0306,29,X,183
0307,27,X,210
0308,24,X,234
0309,25,X,259
0310,33,X,292
0311,20,X,312
0312,19,X,331
0313,32,X,363
0314,20,X,383
0315,17,X,400
0316,17,X,417
0317,18,X,435
0318,17,X,452
0319,19,X,471
0320,18,X,489
0321,19,X,508
0322,20,X,528
0323,20,X,548
0324,21,X,569
0325,14,X,583
0326,13,X,596
0327,18,X,614
0328,13,X,627
0329,10,X,637
0330,2,X,639
