date_in_year,deaths,html,total_deaths
0401,26,X,26
0402,19,X,45
0403,21,X,66
0404,11,X,77
0405,20,X,97
0406,20,X,117
0407,18,X,135
0408,18,X,153
0409,20,X,173
0410,22,X,195
0411,24,X,219
0412,20,X,239
0413,13,X,252
0414,19,X,271
0415,13,X,284
0416,11,X,295
0417,20,X,315
0418,17,X,332
0419,18,X,350
0420,20,X,370
0421,18,X,388
0422,19,X,407
0423,18,X,425
0424,11,X,436
0425,8,X,444
0426,8,X,452
0427,9,X,461
0428,7,X,468
0429,1,X,469
