date_in_year,deaths,html,total_deaths
0401,26,X,26
0402,19,X,45
0403,18,X,63
0404,10,X,73
0405,20,X,93
0406,20,X,113
0407,17,X,130
0408,17,X,147
0409,18,X,165
0410,21,X,186
0411,22,X,208
0412,19,X,227
0413,11,X,238
0414,16,X,254
0415,12,X,266
0416,9,X,275
0417,18,X,293
0418,12,X,305
0419,10,X,315
0420,4,X,319
