date_in_year,deaths,html,total_deaths
0401,22,X,22
0402,16,X,38
0403,15,X,53
0404,7,X,60
0405,18,X,78
0406,17,X,95
0407,15,X,110
0408,11,X,121
0409,10,X,131
0410,9,X,140
