date_in_year,deaths,html,total_deaths
0201,20,X,20
0202,19,X,39
0203,26,X,65
0204,18,X,83
0205,16,X,99
0206,23,X,122
0207,21,X,143
0208,25,X,168
0209,15,X,183
0210,20,X,203
0211,20,X,223
0212,25,X,248
0213,28,X,276
0214,20,X,296
0215,15,X,311
0216,18,X,329
0217,34,X,363
0218,21,X,384
0219,28,X,412
0220,16,X,428
0221,21,X,449
0222,17,X,466
0223,16,X,482
0224,11,X,493
0225,19,X,512
0226,18,X,530
0227,9,X,539
0228,10,X,549
0301,4,X,553
