date_in_year,deaths,html,total_deaths
0501,20,X,20
0502,27,X,47
0503,20,X,67
0504,16,X,83
0505,15,X,98
0506,20,X,118
0507,18,X,136
0508,23,X,159
0509,14,X,173
0510,12,X,185
0511,14,X,199
0512,16,X,215
0513,22,X,237
0514,19,X,256
0515,19,X,275
0516,16,X,291
0517,16,X,307
0518,18,X,325
0519,18,X,343
0520,18,X,361
0521,13,X,374
0522,13,X,387
0523,16,X,403
0524,7,X,410
0525,3,X,413
