date_in_year,deaths,html,total_deaths
0201,19,X,19
0202,15,X,34
0203,24,X,58
0204,13,X,71
0205,13,X,84
0206,19,X,103
0207,18,X,121
0208,22,X,143
0209,11,X,154
0210,14,X,168
0211,18,X,186
0212,19,X,205
0213,16,X,221
0214,6,X,227
