date_in_year,deaths,html,total_deaths
0201,19,X,19
0202,15,X,34
0203,23,X,57
0204,13,X,70
0205,13,X,83
0206,19,X,102
0207,18,X,120
0208,22,X,142
0209,10,X,152
0210,13,X,165
0211,14,X,179
0212,18,X,197
0213,11,X,208
