date_in_year,deaths,html,total_deaths
0201,22,X,22
0202,18,X,40
0203,22,X,62
0204,16,X,78
0205,14,X,92
0206,23,X,115
0207,21,X,136
0208,25,X,161
0209,15,X,176
0210,20,X,196
0211,22,X,218
0212,26,X,244
0213,27,X,271
0214,21,X,292
0215,15,X,307
0216,18,X,325
0217,34,X,359
0218,21,X,380
0219,28,X,408
0220,18,X,426
0221,22,X,448
0222,17,X,465
0223,17,X,482
0224,12,X,494
0225,21,X,515
0226,20,X,535
0227,13,X,548
0228,17,X,565
0301,16,X,581
0302,4,X,585
0303,6,X,591
0304,2,X,593
