date_in_year,deaths,html,total_deaths
0501,18,X,18
0502,21,X,39
0503,21,X,60
0504,17,X,77
0505,15,X,92
0506,20,X,112
0507,19,X,131
0508,22,X,153
0509,14,X,167
0510,14,X,181
0511,14,X,195
0512,16,X,211
0513,22,X,233
0514,19,X,252
0515,20,X,272
0516,17,X,289
0517,16,X,305
0518,18,X,323
0519,19,X,342
0520,20,X,362
0521,15,X,377
0522,15,X,392
0523,19,X,411
0524,18,X,429
0525,11,X,440
0526,11,X,451
0527,9,X,460
0528,14,X,474
0529,7,X,481
0530,10,X,491
0531,10,X,501
