date_in_year,deaths,html,total_deaths
0301,32,X,32
0302,28,X,60
0303,32,X,92
0304,31,X,123
0305,29,X,152
0306,26,X,178
0307,26,X,204
0308,24,X,228
0309,25,X,253
0310,30,X,283
0311,17,X,300
0312,17,X,317
0313,30,X,347
0314,17,X,364
0315,13,X,377
0316,9,X,386
0317,12,X,398
0318,9,X,407
0319,10,X,417
0320,1,X,418
