date_in_year,deaths,html,total_deaths
0301,32,X,32
0302,28,X,60
0303,31,X,91
0304,31,X,122
0305,29,X,151
0306,25,X,176
0307,24,X,200
0308,24,X,224
0309,23,X,247
0310,27,X,274
0311,15,X,289
0312,15,X,304
0313,25,X,329
0314,15,X,344
0315,9,X,353
0316,3,X,356
