date_in_year,deaths,html,total_deaths
0301,32,X,32
0302,28,X,60
0303,33,X,93
0304,31,X,124
0305,30,X,154
0306,27,X,181
0307,27,X,208
0308,24,X,232
0309,25,X,257
0310,32,X,289
0311,17,X,306
0312,17,X,323
0313,32,X,355
0314,18,X,373
0315,17,X,390
0316,15,X,405
0317,18,X,423
0318,16,X,439
0319,18,X,457
0320,17,X,474
0321,17,X,491
0322,17,X,508
0323,15,X,523
0324,15,X,538
0325,5,X,543
