date_in_year,deaths,html,total_deaths
0201,21,X,21
0202,16,X,37
0203,26,X,63
0204,18,X,81
0205,16,X,97
0206,22,X,119
0207,19,X,138
0208,24,X,162
0209,15,X,177
0210,19,X,196
0211,19,X,215
0212,25,X,240
0213,23,X,263
0214,18,X,281
0215,14,X,295
0216,18,X,313
0217,31,X,344
0218,21,X,365
0219,28,X,393
0220,15,X,408
0221,16,X,424
0222,13,X,437
0223,13,X,450
0224,5,X,455
0225,7,X,462
