date_in_year,deaths,html,total_deaths
0301,19,X,19
0302,10,X,29
0303,18,X,47
0304,31,X,78
0305,30,X,108
0306,30,X,138
0307,27,X,165
0308,24,X,189
0309,25,X,214
0310,33,X,247
0311,20,X,267
0312,19,X,286
0313,32,X,318
0314,20,X,338
0315,18,X,356
0316,17,X,373
0317,18,X,391
0318,17,X,408
0319,19,X,427
0320,18,X,445
0321,19,X,464
0322,23,X,487
0323,21,X,508
0324,22,X,530
0325,15,X,545
0326,14,X,559
0327,21,X,580
0328,16,X,596
0329,12,X,608
0330,8,X,616
0331,10,X,626
0401,5,X,631
