date_in_year,deaths,html,total_deaths
0501,18,X,18
0502,26,X,44
0503,16,X,60
0504,14,X,74
0505,12,X,86
0506,12,X,98
0507,13,X,111
0508,11,X,122
0509,10,X,132
0510,4,X,136
0511,7,X,143
0512,3,X,146
