date_in_year,deaths,html,total_deaths
0601,14,X,14
0602,18,X,32
0603,14,X,46
0604,11,X,57
0605,15,X,72
0606,18,X,90
0607,19,X,109
0608,16,X,125
0609,17,X,142
0610,7,X,149
0611,7,X,156
0612,17,X,173
0613,9,X,182
0614,6,X,188
0615,1,X,189
