date_in_year,deaths,html,total_deaths
0501,20,X,20
0502,27,X,47
0503,20,X,67
0504,16,X,83
0505,15,X,98
0506,19,X,117
0507,18,X,135
0508,22,X,157
0509,14,X,171
0510,11,X,182
0511,13,X,195
0512,15,X,210
0513,20,X,230
0514,18,X,248
0515,16,X,264
0516,14,X,278
0517,16,X,294
0518,14,X,308
0519,13,X,321
0520,7,X,328
0521,1,X,329
