date_in_year,deaths,html,total_deaths
0201,19,X,19
0202,14,X,33
0203,23,X,56
0204,12,X,68
0205,12,X,80
0206,18,X,98
0207,17,X,115
0208,19,X,134
0209,9,X,143
0210,12,X,155
0211,9,X,164
0212,2,X,166
