date_in_year,deaths,html,total_deaths
0501,20,X,20
0502,27,X,47
0503,19,X,66
0504,16,X,82
0505,15,X,97
0506,18,X,115
0507,17,X,132
0508,20,X,152
0509,13,X,165
0510,10,X,175
0511,13,X,188
0512,14,X,202
0513,15,X,217
0514,15,X,232
0515,11,X,243
0516,7,X,250
0517,2,X,252
