date_in_year,deaths,html,total_deaths
0201,19,X,19
0202,15,X,34
0203,24,X,58
0204,14,X,72
0205,14,X,86
0206,19,X,105
0207,18,X,123
0208,23,X,146
0209,12,X,158
0210,16,X,174
0211,19,X,193
0212,23,X,216
0213,17,X,233
0214,14,X,247
0215,7,X,254
0216,4,X,258
