date_in_year,deaths,html,total_deaths
0401,26,X,26
0402,19,X,45
0403,19,X,64
0404,11,X,75
0405,20,X,95
0406,20,X,115
0407,18,X,133
0408,17,X,150
0409,18,X,168
0410,22,X,190
0411,23,X,213
0412,20,X,233
0413,11,X,244
0414,18,X,262
0415,13,X,275
0416,11,X,286
0417,20,X,306
0418,17,X,323
0419,18,X,341
0420,16,X,357
0421,17,X,374
0422,15,X,389
0423,10,X,399
0424,8,X,407
