date_in_year,deaths,html,total_deaths
0401,22,X,22
0402,16,X,38
0403,15,X,53
0404,7,X,60
0405,19,X,79
0406,18,X,97
0407,15,X,112
0408,11,X,123
0409,10,X,133
0410,10,X,143
