date_in_year,deaths,html,total_deaths
0601,14,X,14
0602,17,X,31
0603,14,X,45
0604,11,X,56
0605,15,X,71
0606,15,X,86
0607,18,X,104
0608,15,X,119
0609,16,X,135
0610,7,X,142
0611,4,X,146
0612,3,X,149
