date_in_year,deaths,html,total_deaths
0201,21,X,21
0202,17,X,38
0203,26,X,64
0204,18,X,82
0205,16,X,98
0206,23,X,121
0207,21,X,142
0208,24,X,166
0209,15,X,181
0210,19,X,200
0211,20,X,220
0212,25,X,245
0213,23,X,268
0214,18,X,286
0215,14,X,300
0216,18,X,318
0217,31,X,349
0218,21,X,370
0219,28,X,398
0220,15,X,413
0221,17,X,430
0222,14,X,444
0223,16,X,460
0224,6,X,466
0225,10,X,476
0226,1,X,477
