date_in_year,deaths,html,total_deaths
0501,20,X,20
0502,27,X,47
0503,20,X,67
0504,16,X,83
0505,15,X,98
0506,20,X,118
0507,18,X,136
0508,23,X,159
0509,14,X,173
0510,12,X,185
0511,14,X,199
0512,15,X,214
0513,22,X,236
0514,19,X,255
0515,19,X,274
0516,16,X,290
0517,16,X,306
0518,18,X,324
0519,18,X,342
0520,17,X,359
0521,13,X,372
0522,13,X,385
0523,14,X,399
0524,6,X,405
0525,2,X,407
