date_in_year,deaths,total_deaths,html
0101,30,30,X
0102,17,47,X
0103,20,67,X
0104,26,93,X
0105,24,117,X
0106,19,136,X
0107,26,162,X
0108,24,186,X
0109,25,211,X
0110,19,230,X
0111,24,254,X
0112,17,271,X
0113,24,295,X
0114,12,307,X
0115,30,337,X
0116,14,351,X
0117,23,374,X
0118,26,400,X
0119,23,423,X
0120,25,448,X
0121,20,468,X
0122,22,490,X
0123,27,517,X
0124,14,531,X
0125,21,552,X
0126,18,570,X
0127,19,589,X
0128,12,601,X
0129,3,604,X
0130,3,607,X
