date_in_year,deaths,html,total_deaths
0301,32,X,32
0302,28,X,60
0303,33,X,93
0304,31,X,124
0305,30,X,154
0306,29,X,183
0307,27,X,210
0308,24,X,234
0309,25,X,259
0310,33,X,292
0311,17,X,309
0312,18,X,327
0313,32,X,359
0314,19,X,378
0315,17,X,395
0316,15,X,410
0317,18,X,428
0318,16,X,444
0319,18,X,462
0320,17,X,479
0321,18,X,497
0322,18,X,515
0323,15,X,530
0324,16,X,546
0325,8,X,554
0326,2,X,556
