date_in_year,deaths,html,total_deaths
0301,20,X,20
0302,9,X,29
0303,17,X,46
0304,16,X,62
0305,16,X,78
0306,14,X,92
0307,13,X,105
0308,13,X,118
0309,9,X,127
0310,2,X,129
