date_in_year,deaths,html,total_deaths
0201,19,X,19
0202,15,X,34
0203,24,X,58
0204,14,X,72
0205,14,X,86
0206,19,X,105
0207,18,X,123
0208,22,X,145
0209,12,X,157
0210,16,X,173
0211,19,X,192
0212,22,X,214
0213,18,X,232
0214,11,X,243
0215,7,X,250
0216,2,X,252
