date_in_year,deaths,html,total_deaths
0301,32,X,32
0302,28,X,60
0303,33,X,93
0304,31,X,124
0305,30,X,154
0306,29,X,183
0307,27,X,210
0308,24,X,234
0309,25,X,259
0310,33,X,292
0311,17,X,309
0312,17,X,326
0313,32,X,358
0314,19,X,377
0315,17,X,394
0316,15,X,409
0317,18,X,427
0318,16,X,443
0319,18,X,461
0320,17,X,478
0321,18,X,496
0322,18,X,514
0323,15,X,529
0324,16,X,545
0325,8,X,553
0326,1,X,554
