date_in_year,deaths,html,total_deaths
0201,19,X,19
0202,15,X,34
0203,24,X,58
0204,14,X,72
0205,14,X,86
0206,19,X,105
0207,18,X,123
0208,23,X,146
0209,13,X,159
0210,16,X,175
0211,18,X,193
0212,23,X,216
0213,18,X,234
0214,15,X,249
0215,10,X,259
0216,7,X,266
0217,1,X,267
