date_in_year,deaths,html,total_deaths
0501,20,X,20
0502,27,X,47
0503,21,X,68
0504,17,X,85
0505,15,X,100
0506,20,X,120
0507,19,X,139
0508,22,X,161
0509,14,X,175
0510,12,X,187
0511,14,X,201
0512,16,X,217
0513,22,X,239
0514,19,X,258
0515,20,X,278
0516,17,X,295
0517,16,X,311
0518,18,X,329
0519,18,X,347
0520,20,X,367
0521,13,X,380
0522,14,X,394
0523,18,X,412
0524,13,X,425
0525,9,X,434
0526,10,X,444
0527,7,X,451
