date_in_year,deaths,html,total_deaths
0301,20,X,20
0302,9,X,29
0303,17,X,46
0304,16,X,62
0305,18,X,80
0306,14,X,94
0307,13,X,107
0308,14,X,121
0309,12,X,133
0310,12,X,145
0311,5,X,150
0312,3,X,153
