date_in_year,deaths,html,total_deaths
0301,32,X,32
0302,28,X,60
0303,32,X,92
0304,31,X,123
0305,30,X,153
0306,26,X,179
0307,26,X,205
0308,24,X,229
0309,25,X,254
0310,30,X,284
0311,17,X,301
0312,17,X,318
0313,30,X,348
0314,17,X,365
0315,13,X,378
0316,10,X,388
0317,13,X,401
0318,10,X,411
0319,14,X,425
0320,6,X,431
0321,1,X,432
