date_in_year,deaths,html,total_deaths
0201,20,X,20
0202,15,X,35
0203,24,X,59
0204,15,X,74
0205,15,X,89
0206,20,X,109
0207,19,X,128
0208,23,X,151
0209,13,X,164
0210,16,X,180
0211,19,X,199
0212,24,X,223
0213,20,X,243
0214,17,X,260
0215,14,X,274
0216,16,X,290
0217,25,X,315
0218,16,X,331
0219,15,X,346
0220,2,X,348
