date_in_year,deaths,html,total_deaths
0501,18,X,18
0502,21,X,39
0503,17,X,56
0504,18,X,74
0505,15,X,89
0506,20,X,109
0507,19,X,128
0508,22,X,150
0509,14,X,164
0510,14,X,178
0511,14,X,192
0512,16,X,208
0513,22,X,230
0514,19,X,249
0515,20,X,269
0516,18,X,287
0517,16,X,303
0518,19,X,322
0519,20,X,342
0520,20,X,362
0521,16,X,378
0522,15,X,393
0523,19,X,412
0524,18,X,430
0525,12,X,442
0526,11,X,453
0527,9,X,462
0528,15,X,477
0529,10,X,487
0530,15,X,502
0531,16,X,518
0601,8,X,526
0602,5,X,531
