date_in_year,deaths,html,total_deaths
0401,25,X,25
0402,19,X,44
0403,17,X,61
0404,10,X,71
0405,19,X,90
0406,20,X,110
0407,16,X,126
0408,16,X,142
0409,17,X,159
0410,19,X,178
0411,20,X,198
0412,20,X,218
0413,10,X,228
0414,12,X,240
0415,8,X,248
0416,5,X,253
0417,3,X,256
