date_in_year,deaths,html,total_deaths
0301,32,X,32
0302,28,X,60
0303,32,X,92
0304,31,X,123
0305,30,X,153
0306,27,X,180
0307,26,X,206
0308,24,X,230
0309,25,X,255
0310,31,X,286
0311,17,X,303
0312,17,X,320
0313,31,X,351
0314,18,X,369
0315,16,X,385
0316,12,X,397
0317,16,X,413
0318,13,X,426
0319,16,X,442
0320,15,X,457
0321,15,X,472
0322,13,X,485
0323,12,X,497
0324,4,X,501
