date_in_year,deaths,html,total_deaths
0201,20,X,20
0202,16,X,36
0203,26,X,62
0204,18,X,80
0205,16,X,96
0206,22,X,118
0207,19,X,137
0208,23,X,160
0209,13,X,173
0210,18,X,191
0211,19,X,210
0212,25,X,235
0213,23,X,258
0214,17,X,275
0215,14,X,289
0216,18,X,307
0217,29,X,336
0218,20,X,356
0219,22,X,378
0220,13,X,391
0221,10,X,401
0222,10,X,411
0223,4,X,415
