date_in_year,deaths,html,total_deaths
0401,23,X,23
0402,16,X,39
0403,16,X,55
0404,8,X,63
0405,18,X,81
0406,18,X,99
0407,16,X,115
0408,12,X,127
0409,12,X,139
0410,10,X,149
0411,6,X,155
