date_in_year,deaths,html,total_deaths
0301,32,X,32
0302,9,X,41
0303,17,X,58
0304,16,X,74
0305,18,X,92
0306,14,X,106
0307,13,X,119
0308,14,X,133
0309,12,X,145
0310,12,X,157
0311,9,X,166
0312,4,X,170
