date_in_year,deaths,html,total_deaths
0501,18,X,18
0502,21,X,39
0503,21,X,60
0504,17,X,77
0505,15,X,92
0506,20,X,112
0507,19,X,131
0508,22,X,153
0509,14,X,167
0510,14,X,181
0511,14,X,195
0512,16,X,211
0513,22,X,233
0514,19,X,252
0515,20,X,272
0516,18,X,290
0517,16,X,306
0518,18,X,324
0519,20,X,344
0520,20,X,364
0521,15,X,379
0522,15,X,394
0523,19,X,413
0524,18,X,431
0525,11,X,442
0526,11,X,453
0527,9,X,462
0528,14,X,476
0529,8,X,484
0530,11,X,495
0531,10,X,505
0601,4,X,509
