date_in_year,deaths,html,total_deaths
0601,14,X,14
0602,18,X,32
0603,14,X,46
0604,11,X,57
0605,17,X,74
0606,19,X,93
0607,21,X,114
0608,18,X,132
0609,17,X,149
0610,8,X,157
0611,9,X,166
0612,17,X,183
0613,11,X,194
0614,10,X,204
0615,8,X,212
0616,6,X,218
