date_in_year,deaths,html,total_deaths
0501,19,X,19
0502,27,X,46
0503,19,X,65
0504,16,X,81
0505,15,X,96
0506,17,X,113
0507,16,X,129
0508,19,X,148
0509,13,X,161
0510,8,X,169
0511,13,X,182
0512,11,X,193
0513,10,X,203
0514,8,X,211
0515,2,X,213
