date_in_year,deaths,html,total_deaths
0401,25,X,25
0402,18,X,43
0403,17,X,60
0404,9,X,69
0405,18,X,87
0406,19,X,106
0407,16,X,122
0408,15,X,137
0409,16,X,153
0410,19,X,172
0411,19,X,191
0412,19,X,210
0413,10,X,220
0414,10,X,230
0415,4,X,234
0416,1,X,235
