date_in_year,deaths,html,total_deaths
0201,20,X,20
0202,18,X,38
0203,26,X,64
0204,18,X,82
0205,16,X,98
0206,23,X,121
0207,21,X,142
0208,25,X,167
0209,15,X,182
0210,20,X,202
0211,20,X,222
0212,25,X,247
0213,27,X,274
0214,20,X,294
0215,15,X,309
0216,18,X,327
0217,34,X,361
0218,21,X,382
0219,28,X,410
0220,16,X,426
0221,21,X,447
0222,17,X,464
0223,16,X,480
0224,11,X,491
0225,19,X,510
0226,17,X,527
0227,8,X,535
0228,8,X,543
0301,4,X,547
