date_in_year,deaths,html,total_deaths
0401,22,X,22
0402,15,X,37
0403,15,X,52
0404,7,X,59
0405,17,X,76
0406,17,X,93
0407,15,X,108
0408,11,X,119
0409,8,X,127
0410,5,X,132
