date_in_year,deaths,html,total_deaths
0401,26,X,26
0402,19,X,45
0403,20,X,65
0404,11,X,76
0405,20,X,96
0406,20,X,116
0407,18,X,134
0408,17,X,151
0409,18,X,169
0410,22,X,191
0411,23,X,214
0412,20,X,234
0413,11,X,245
0414,18,X,263
0415,13,X,276
0416,11,X,287
0417,20,X,307
0418,17,X,324
0419,18,X,342
0420,18,X,360
0421,17,X,377
0422,17,X,394
0423,16,X,410
0424,8,X,418
0425,4,X,422
0426,1,X,423
