date_in_year,deaths,html,total_deaths
0501,20,X,20
0502,27,X,47
0503,20,X,67
0504,16,X,83
0505,15,X,98
0506,19,X,117
0507,17,X,134
0508,20,X,154
0509,13,X,167
0510,10,X,177
0511,13,X,190
0512,15,X,205
0513,15,X,220
0514,17,X,237
0515,11,X,248
0516,10,X,258
0517,7,X,265
0518,5,X,270
