date_in_year,deaths,html,total_deaths
0201,22,X,22
0202,18,X,40
0203,22,X,62
0204,16,X,78
0205,14,X,92
0206,23,X,115
0207,21,X,136
0208,25,X,161
0209,15,X,176
0210,20,X,196
0211,22,X,218
0212,26,X,244
0213,27,X,271
0214,21,X,292
0215,15,X,307
0216,18,X,325
0217,34,X,359
0218,21,X,380
0219,29,X,409
0220,18,X,427
0221,22,X,449
0222,17,X,466
0223,17,X,483
0224,12,X,495
0225,21,X,516
0226,20,X,536
0227,13,X,549
0228,17,X,566
0301,16,X,582
0302,4,X,586
0303,7,X,593
0304,5,X,598
