date_in_year,deaths,html,total_deaths
0601,14,X,14
0602,18,X,32
0603,14,X,46
0604,11,X,57
0605,16,X,73
0606,19,X,92
0607,21,X,113
0608,18,X,131
0609,17,X,148
0610,8,X,156
0611,9,X,165
0612,17,X,182
0613,11,X,193
0614,10,X,203
0615,7,X,210
0616,2,X,212
