date_in_year,deaths,html,total_deaths
0301,32,X,32
0302,28,X,60
0303,32,X,92
0304,31,X,123
0305,30,X,153
0306,27,X,180
0307,26,X,206
0308,24,X,230
0309,25,X,255
0310,30,X,285
0311,17,X,302
0312,17,X,319
0313,31,X,350
0314,17,X,367
0315,15,X,382
0316,10,X,392
0317,15,X,407
0318,12,X,419
0319,16,X,435
0320,10,X,445
0321,13,X,458
0322,9,X,467
