date_in_year,deaths,html,total_deaths
0401,26,X,26
0402,19,X,45
0403,19,X,64
0404,10,X,74
0405,20,X,94
0406,20,X,114
0407,17,X,131
0408,17,X,148
0409,18,X,166
0410,21,X,187
0411,22,X,209
0412,19,X,228
0413,11,X,239
0414,16,X,255
0415,13,X,268
0416,10,X,278
0417,19,X,297
0418,17,X,314
0419,15,X,329
0420,13,X,342
0421,11,X,353
0422,2,X,355
