date_in_year,deaths,html,total_deaths
0201,22,X,22
0202,18,X,40
0203,22,X,62
0204,16,X,78
0205,16,X,94
0206,23,X,117
0207,21,X,138
0208,25,X,163
0209,15,X,178
0210,20,X,198
0211,20,X,218
0212,25,X,243
0213,28,X,271
0214,21,X,292
0215,15,X,307
0216,18,X,325
0217,34,X,359
0218,21,X,380
0219,28,X,408
0220,18,X,426
0221,22,X,448
0222,17,X,465
0223,17,X,482
0224,12,X,494
0225,20,X,514
0226,20,X,534
0227,13,X,547
0228,15,X,562
0301,14,X,576
0302,4,X,580
0303,5,X,585
