date_in_year,deaths,html,total_deaths
0401,18,X,18
0402,14,X,32
0403,18,X,50
0404,11,X,61
0405,20,X,81
0406,20,X,101
0407,19,X,120
0408,18,X,138
0409,20,X,158
0410,22,X,180
0411,24,X,204
0412,20,X,224
0413,13,X,237
0414,20,X,257
0415,13,X,270
0416,11,X,281
0417,20,X,301
0418,17,X,318
0419,18,X,336
0420,20,X,356
0421,18,X,374
0422,20,X,394
0423,20,X,414
0424,8,X,422
0425,10,X,432
0426,10,X,442
0427,14,X,456
0428,14,X,470
0429,8,X,478
0430,12,X,490
0501,6,X,496
0502,4,X,500
