date_in_year,deaths,html,total_deaths
0401,25,X,25
0402,19,X,44
0403,17,X,61
0404,9,X,70
0405,18,X,88
0406,19,X,107
0407,16,X,123
0408,15,X,138
0409,16,X,154
0410,19,X,173
0411,19,X,192
0412,19,X,211
0413,10,X,221
0414,10,X,231
0415,6,X,237
0416,3,X,240
