date_in_year,deaths,html,total_deaths
0201,19,X,19
0202,14,X,33
0203,23,X,56
0204,13,X,69
0205,13,X,82
0206,19,X,101
0207,17,X,118
0208,21,X,139
0209,9,X,148
0210,13,X,161
0211,11,X,172
0212,9,X,181
