date_in_year,deaths,html,total_deaths
0601,14,X,14
0602,18,X,32
0603,14,X,46
0604,11,X,57
0605,15,X,72
0606,17,X,89
0607,18,X,107
0608,16,X,123
0609,16,X,139
0610,7,X,146
0611,6,X,152
0612,10,X,162
0613,2,X,164
