date_in_year,deaths,html,total_deaths
0201,21,X,21
0202,17,X,38
0203,26,X,64
0204,18,X,82
0205,16,X,98
0206,23,X,121
0207,21,X,142
0208,24,X,166
0209,15,X,181
0210,19,X,200
0211,20,X,220
0212,24,X,244
0213,24,X,268
0214,18,X,286
0215,15,X,301
0216,18,X,319
0217,32,X,351
0218,21,X,372
0219,28,X,400
0220,15,X,415
0221,17,X,432
0222,14,X,446
0223,16,X,462
0224,10,X,472
0225,13,X,485
0226,8,X,493
0227,5,X,498
