date_in_year,deaths,html,total_deaths
0401,25,X,25
0402,19,X,44
0403,18,X,62
0404,10,X,72
0405,19,X,91
0406,20,X,111
0407,17,X,128
0408,16,X,144
0409,18,X,162
0410,20,X,182
0411,22,X,204
0412,19,X,223
0413,11,X,234
0414,13,X,247
0415,10,X,257
0416,6,X,263
0417,13,X,276
0418,10,X,286
0419,9,X,295
