date_in_year,deaths,html,total_deaths
0101,25,X,25
0102,16,X,41
0103,17,X,58
0104,27,X,85
0105,24,X,109
0106,20,X,129
0107,27,X,156
0108,25,X,181
0109,25,X,206
0110,19,X,225
0111,25,X,250
0112,17,X,267
0113,25,X,292
0114,12,X,304
0115,31,X,335
0116,14,X,349
0117,24,X,373
0118,26,X,399
0119,23,X,422
0120,26,X,448
0121,21,X,469
0122,25,X,494
0123,27,X,521
0124,14,X,535
0125,24,X,559
0126,26,X,585
0127,27,X,612
0128,26,X,638
0129,10,X,648
0130,10,X,658
0131,11,X,669
0201,9,X,678
0202,3,X,681
