date_in_year,deaths,html,total_deaths
0201,20,X,20
0202,19,X,39
0203,26,X,65
0204,18,X,83
0205,16,X,99
0206,23,X,122
0207,21,X,143
0208,25,X,168
0209,15,X,183
0210,20,X,203
0211,20,X,223
0212,24,X,247
0213,27,X,274
0214,20,X,294
0215,15,X,309
0216,18,X,327
0217,33,X,360
0218,21,X,381
0219,28,X,409
0220,16,X,425
0221,21,X,446
0222,15,X,461
0223,16,X,477
0224,11,X,488
0225,15,X,503
0226,17,X,520
0227,6,X,526
0228,4,X,530
