date_in_year,deaths,html,total_deaths
0501,18,X,18
0502,27,X,45
0503,21,X,66
0504,17,X,83
0505,15,X,98
0506,20,X,118
0507,19,X,137
0508,22,X,159
0509,14,X,173
0510,14,X,187
0511,14,X,201
0512,16,X,217
0513,22,X,239
0514,19,X,258
0515,20,X,278
0516,17,X,295
0517,16,X,311
0518,18,X,329
0519,18,X,347
0520,20,X,367
0521,15,X,382
0522,15,X,397
0523,19,X,416
0524,17,X,433
0525,10,X,443
0526,11,X,454
0527,8,X,462
0528,12,X,474
0529,7,X,481
0530,7,X,488
0531,7,X,495
