date_in_year,deaths,html,total_deaths
0301,32,X,32
0302,28,X,60
0303,33,X,93
0304,31,X,124
0305,30,X,154
0306,28,X,182
0307,27,X,209
0308,24,X,233
0309,25,X,258
0310,33,X,291
0311,17,X,308
0312,17,X,325
0313,32,X,357
0314,18,X,375
0315,17,X,392
0316,15,X,407
0317,18,X,425
0318,16,X,441
0319,18,X,459
0320,17,X,476
0321,17,X,493
0322,18,X,511
0323,15,X,526
0324,15,X,541
0325,8,X,549
0326,1,X,550
