date_in_year,deaths,html,total_deaths
0101,26,X,26
0102,15,X,41
0103,17,X,58
0104,26,X,84
0105,24,X,108
0106,20,X,128
0107,27,X,155
0108,25,X,180
0109,25,X,205
0110,19,X,224
0111,25,X,249
0112,17,X,266
0113,25,X,291
0114,12,X,303
0115,31,X,334
0116,14,X,348
0117,24,X,372
0118,26,X,398
0119,23,X,421
0120,26,X,447
0121,21,X,468
0122,25,X,493
0123,27,X,520
0124,14,X,534
0125,24,X,558
0126,25,X,583
0127,27,X,610
0128,26,X,636
0129,10,X,646
0130,10,X,656
0131,10,X,666
0201,8,X,674
0202,1,X,675
