date_in_year,deaths,html,total_deaths
0301,20,X,20
0302,9,X,29
0303,17,X,46
0304,15,X,61
0305,16,X,77
0306,14,X,91
0307,13,X,104
0308,13,X,117
0309,7,X,124
0310,1,X,125
