date_in_year,deaths,html,total_deaths
0301,32,X,32
0302,28,X,60
0303,33,X,93
0304,31,X,124
0305,30,X,154
0306,29,X,183
0307,27,X,210
0308,24,X,234
0309,25,X,259
0310,33,X,292
0311,19,X,311
0312,19,X,330
0313,32,X,362
0314,20,X,382
0315,17,X,399
0316,17,X,416
0317,18,X,434
0318,17,X,451
0319,19,X,470
0320,18,X,488
0321,19,X,507
0322,19,X,526
0323,19,X,545
0324,21,X,566
0325,13,X,579
0326,13,X,592
0327,17,X,609
0328,13,X,622
0329,9,X,631
0330,2,X,633
