date_in_year,deaths,html,total_deaths
0201,20,X,20
0202,16,X,36
0203,25,X,61
0204,18,X,79
0205,16,X,95
0206,21,X,116
0207,19,X,135
0208,23,X,158
0209,13,X,171
0210,18,X,189
0211,19,X,208
0212,25,X,233
0213,23,X,256
0214,17,X,273
0215,14,X,287
0216,17,X,304
0217,27,X,331
0218,21,X,352
0219,22,X,374
0220,13,X,387
0221,11,X,398
0222,7,X,405
0223,3,X,408
