date_in_year,deaths,html,total_deaths
0501,20,X,20
0502,27,X,47
0503,19,X,66
0504,16,X,82
0505,15,X,97
0506,17,X,114
0507,16,X,130
0508,19,X,149
0509,13,X,162
0510,8,X,170
0511,13,X,183
0512,11,X,194
0513,11,X,205
0514,9,X,214
0515,2,X,216
