date_in_year,deaths,html,total_deaths
0501,19,X,19
0502,27,X,46
0503,17,X,63
0504,15,X,78
0505,13,X,91
0506,14,X,105
0507,14,X,119
0508,11,X,130
0509,10,X,140
0510,5,X,145
0511,12,X,157
0512,4,X,161
