date_in_year,deaths,html,total_deaths
0401,24,X,24
0402,16,X,40
0403,16,X,56
0404,8,X,64
0405,18,X,82
0406,18,X,100
0407,16,X,116
0408,12,X,128
0409,12,X,140
0410,11,X,151
0411,6,X,157
0412,3,X,160
