date_in_year,deaths,html,total_deaths
0601,14,X,14
0602,18,X,32
0603,14,X,46
0604,12,X,58
0605,17,X,75
0606,19,X,94
0607,21,X,115
0608,18,X,133
0609,17,X,150
0610,8,X,158
0611,9,X,167
0612,18,X,185
0613,11,X,196
0614,10,X,206
0615,9,X,215
0616,11,X,226
0617,3,X,229
