date_in_year,deaths,html,total_deaths
0201,21,X,21
0202,18,X,39
0203,26,X,65
0204,18,X,83
0205,16,X,99
0206,23,X,122
0207,21,X,143
0208,24,X,167
0209,15,X,182
0210,20,X,202
0211,20,X,222
0212,24,X,246
0213,25,X,271
0214,21,X,292
0215,15,X,307
0216,18,X,325
0217,33,X,358
0218,21,X,379
0219,28,X,407
0220,16,X,423
0221,21,X,444
0222,15,X,459
0223,16,X,475
0224,11,X,486
0225,16,X,502
0226,16,X,518
0227,5,X,523
0228,3,X,526
