date_in_year,deaths,html,total_deaths
0301,19,X,19
0302,29,X,48
0303,33,X,81
0304,31,X,112
0305,30,X,142
0306,30,X,172
0307,27,X,199
0308,24,X,223
0309,25,X,248
0310,33,X,281
0311,20,X,301
0312,19,X,320
0313,32,X,352
0314,20,X,372
0315,18,X,390
0316,17,X,407
0317,18,X,425
0318,17,X,442
0319,19,X,461
0320,18,X,479
0321,19,X,498
0322,23,X,521
0323,21,X,542
0324,22,X,564
0325,15,X,579
0326,14,X,593
0327,20,X,613
0328,16,X,629
0329,11,X,640
0330,7,X,647
0331,8,X,655
0401,1,X,656
