date_in_year,deaths,total_deaths,html
0101,30,30,X
0102,16,46,X
0103,20,66,X
0104,25,91,X
0105,24,115,X
0106,19,134,X
0107,25,159,X
0108,24,183,X
0109,25,208,X
0110,18,226,X
0111,24,250,X
0112,17,267,X
0113,22,289,X
0114,12,301,X
0115,28,329,X
0116,13,342,X
0117,21,363,X
0118,20,383,X
0119,19,402,X
0120,17,419,X
0121,11,430,X
0122,13,443,X
0123,2,445,X
0124,2,447,X
