date_in_year,deaths,html,total_deaths
0501,20,X,20
0502,27,X,47
0503,20,X,67
0504,16,X,83
0505,15,X,98
0506,19,X,117
0507,17,X,134
0508,22,X,156
0509,13,X,169
0510,10,X,179
0511,13,X,192
0512,15,X,207
0513,18,X,225
0514,17,X,242
0515,12,X,254
0516,12,X,266
0517,12,X,278
0518,9,X,287
0519,4,X,291
