date_in_year,deaths,html,total_deaths
0201,20,X,20
0202,15,X,35
0203,24,X,59
0204,14,X,73
0205,14,X,87
0206,19,X,106
0207,18,X,124
0208,23,X,147
0209,13,X,160
0210,16,X,176
0211,19,X,195
0212,24,X,219
0213,18,X,237
0214,17,X,254
0215,12,X,266
0216,9,X,275
0217,9,X,284
