date_in_year,deaths,html,total_deaths
0301,32,X,32
0302,28,X,60
0303,31,X,91
0304,31,X,122
0305,29,X,151
0306,25,X,176
0307,26,X,202
0308,24,X,226
0309,25,X,251
0310,30,X,281
0311,17,X,298
0312,15,X,313
0313,28,X,341
0314,17,X,358
0315,13,X,371
0316,9,X,380
0317,12,X,392
0318,7,X,399
0319,4,X,403
