date_in_year,deaths,html,total_deaths
0301,32,X,32
0302,28,X,60
0303,33,X,93
0304,31,X,124
0305,30,X,154
0306,29,X,183
0307,27,X,210
0308,24,X,234
0309,25,X,259
0310,33,X,292
0311,19,X,311
0312,19,X,330
0313,32,X,362
0314,20,X,382
0315,17,X,399
0316,17,X,416
0317,18,X,434
0318,16,X,450
0319,19,X,469
0320,18,X,487
0321,19,X,506
0322,19,X,525
0323,19,X,544
0324,20,X,564
0325,13,X,577
0326,13,X,590
0327,17,X,607
0328,13,X,620
0329,7,X,627
