date_in_year,deaths,total_deaths,html
0101,30,30,X
0102,17,47,X
0103,20,67,X
0104,26,93,X
0105,24,117,X
0106,19,136,X
0107,26,162,X
0108,24,186,X
0109,25,211,X
0110,19,230,X
0111,24,254,X
0112,17,271,X
0113,23,294,X
0114,12,306,X
0115,30,336,X
0116,14,350,X
0117,23,373,X
0118,25,398,X
0119,22,420,X
0120,25,445,X
0121,19,464,X
0122,22,486,X
0123,25,511,X
0124,14,525,X
0125,21,546,X
0126,14,560,X
0127,14,574,X
0128,7,581,X
0129,7,588,X
