date_in_year,deaths,html,total_deaths
0601,14,X,14
0602,17,X,31
0603,14,X,45
0604,11,X,56
0605,15,X,71
0606,16,X,87
0607,18,X,105
0608,15,X,120
0609,16,X,136
0610,6,X,142
0611,5,X,147
0612,5,X,152
