date_in_year,deaths,html,total_deaths
0201,19,X,19
0202,14,X,33
0203,23,X,56
0204,12,X,68
0205,12,X,80
0206,18,X,98
0207,17,X,115
0208,20,X,135
0209,9,X,144
0210,12,X,156
0211,10,X,166
0212,8,X,174
