date_in_year,deaths,html,total_deaths
0501,20,X,20
0502,27,X,47
0503,21,X,68
0504,17,X,85
0505,15,X,100
0506,20,X,120
0507,19,X,139
0508,22,X,161
0509,14,X,175
0510,14,X,189
0511,14,X,203
0512,16,X,219
0513,22,X,241
0514,19,X,260
0515,20,X,280
0516,17,X,297
0517,16,X,313
0518,18,X,331
0519,18,X,349
0520,20,X,369
0521,15,X,384
0522,15,X,399
0523,19,X,418
0524,13,X,431
0525,10,X,441
0526,11,X,452
0527,9,X,461
0528,10,X,471
0529,5,X,476
0530,1,X,477
