date_in_year,deaths,html,total_deaths
0201,21,X,21
0202,19,X,40
0203,22,X,62
0204,18,X,80
0205,16,X,96
0206,23,X,119
0207,21,X,140
0208,25,X,165
0209,15,X,180
0210,20,X,200
0211,20,X,220
0212,25,X,245
0213,28,X,273
0214,20,X,293
0215,15,X,308
0216,18,X,326
0217,34,X,360
0218,21,X,381
0219,28,X,409
0220,17,X,426
0221,21,X,447
0222,17,X,464
0223,16,X,480
0224,12,X,492
0225,19,X,511
0226,18,X,529
0227,10,X,539
0228,13,X,552
0301,6,X,558
0302,2,X,560
