date_in_year,deaths,total_deaths,html
0101,30,30,X
0102,17,47,X
0103,20,67,X
0104,26,93,X
0105,24,117,X
0106,19,136,X
0107,27,163,X
0108,24,187,X
0109,25,212,X
0110,19,231,X
0111,24,255,X
0112,17,272,X
0113,24,296,X
0114,12,308,X
0115,30,338,X
0116,14,352,X
0117,23,375,X
0118,26,401,X
0119,23,424,X
0120,25,449,X
0121,20,469,X
0122,23,492,X
0123,27,519,X
0124,14,533,X
0125,22,555,X
0126,18,573,X
0127,21,594,X
0128,15,609,X
0129,6,615,X
0130,1,616,X
