date_in_year,deaths,total_deaths,html
0101,30,30,X
0102,17,47,X
0103,20,67,X
0104,26,93,X
0105,24,117,X
0106,19,136,X
0107,26,162,X
0108,24,186,X
0109,25,211,X
0110,19,230,X
0111,24,254,X
0112,17,271,X
0113,23,294,X
0114,12,306,X
0115,30,336,X
0116,14,350,X
0117,23,373,X
0118,26,399,X
0119,23,422,X
0120,25,447,X
0121,20,467,X
0122,22,489,X
0123,27,516,X
0124,14,530,X
0125,21,551,X
0126,17,568,X
0127,17,585,X
0128,12,597,X
0129,1,598,X
0130,1,599,X
