date_in_year,deaths,html,total_deaths
0201,19,X,19
0202,15,X,34
0203,24,X,58
0204,14,X,72
0205,13,X,85
0206,19,X,104
0207,18,X,122
0208,22,X,144
0209,11,X,155
0210,14,X,169
0211,18,X,187
0212,21,X,208
0213,16,X,224
0214,8,X,232
0215,3,X,235
