date_in_year,deaths,html,total_deaths
0301,32,X,32
0302,28,X,60
0303,31,X,91
0304,31,X,122
0305,29,X,151
0306,26,X,177
0307,26,X,203
0308,24,X,227
0309,25,X,252
0310,30,X,282
0311,17,X,299
0312,17,X,316
0313,29,X,345
0314,17,X,362
0315,13,X,375
0316,9,X,384
0317,12,X,396
0318,8,X,404
0319,4,X,408
