date_in_year,deaths,html,total_deaths
0301,18,X,18
0302,11,X,29
0303,18,X,47
0304,31,X,78
0305,30,X,108
0306,30,X,138
0307,27,X,165
0308,24,X,189
0309,25,X,214
0310,33,X,247
0311,20,X,267
0312,19,X,286
0313,32,X,318
0314,20,X,338
0315,18,X,356
0316,17,X,373
0317,18,X,391
0318,17,X,408
0319,20,X,428
0320,18,X,446
0321,20,X,466
0322,23,X,489
0323,21,X,510
0324,22,X,532
0325,16,X,548
0326,15,X,563
0327,22,X,585
0328,16,X,601
0329,11,X,612
0330,9,X,621
0331,12,X,633
0401,6,X,639
