date_in_year,deaths,html,total_deaths
0201,22,X,22
0202,18,X,40
0203,22,X,62
0204,16,X,78
0205,16,X,94
0206,23,X,117
0207,21,X,138
0208,25,X,163
0209,15,X,178
0210,20,X,198
0211,20,X,218
0212,25,X,243
0213,28,X,271
0214,20,X,291
0215,15,X,306
0216,18,X,324
0217,34,X,358
0218,21,X,379
0219,28,X,407
0220,18,X,425
0221,22,X,447
0222,16,X,463
0223,17,X,480
0224,12,X,492
0225,20,X,512
0226,20,X,532
0227,13,X,545
0228,15,X,560
0301,14,X,574
0302,4,X,578
0303,2,X,580
