date_in_year,deaths,html,total_deaths
0601,14,X,14
0602,18,X,32
0603,14,X,46
0604,12,X,58
0605,17,X,75
0606,19,X,94
0607,21,X,115
0608,18,X,133
0609,17,X,150
0610,8,X,158
0611,10,X,168
0612,19,X,187
0613,11,X,198
0614,10,X,208
0615,9,X,217
0616,12,X,229
0617,5,X,234
