date_in_year,deaths,html,total_deaths
0301,32,X,32
0302,28,X,60
0303,32,X,92
0304,31,X,123
0305,30,X,153
0306,26,X,179
0307,26,X,205
0308,24,X,229
0309,25,X,254
0310,30,X,284
0311,17,X,301
0312,17,X,318
0313,31,X,349
0314,17,X,366
0315,14,X,380
0316,10,X,390
0317,14,X,404
0318,11,X,415
0319,15,X,430
0320,8,X,438
0321,6,X,444
