date_in_year,deaths,html,total_deaths
0601,14,X,14
0602,18,X,32
0603,14,X,46
0604,11,X,57
0605,15,X,72
0606,18,X,90
0607,18,X,108
0608,16,X,124
0609,16,X,140
0610,7,X,147
0611,6,X,153
0612,11,X,164
0613,4,X,168
