date_in_year,deaths,html,total_deaths
0501,18,X,18
0502,25,X,43
0503,14,X,57
0504,14,X,71
0505,11,X,82
0506,11,X,93
0507,13,X,106
0508,9,X,115
0509,10,X,125
0510,2,X,127
