date_in_year,deaths,html,total_deaths
0501,19,X,19
0502,27,X,46
0503,19,X,65
0504,16,X,81
0505,15,X,96
0506,17,X,113
0507,15,X,128
0508,17,X,145
0509,11,X,156
0510,5,X,161
0511,12,X,173
0512,11,X,184
0513,6,X,190
0514,1,X,191
