date_in_year,deaths,html,total_deaths
0301,32,X,32
0302,28,X,60
0303,33,X,93
0304,31,X,124
0305,30,X,154
0306,29,X,183
0307,27,X,210
0308,24,X,234
0309,25,X,259
0310,33,X,292
0311,18,X,310
0312,18,X,328
0313,32,X,360
0314,20,X,380
0315,17,X,397
0316,16,X,413
0317,18,X,431
0318,16,X,447
0319,18,X,465
0320,17,X,482
0321,19,X,501
0322,18,X,519
0323,17,X,536
0324,18,X,554
0325,9,X,563
0326,5,X,568
0327,1,X,569
