date_in_year,deaths,html,total_deaths
0501,18,X,18
0502,21,X,39
0503,18,X,57
0504,18,X,75
0505,15,X,90
0506,20,X,110
0507,19,X,129
0508,22,X,151
0509,14,X,165
0510,14,X,179
0511,14,X,193
0512,16,X,209
0513,22,X,231
0514,19,X,250
0515,20,X,270
0516,18,X,288
0517,16,X,304
0518,19,X,323
0519,20,X,343
0520,20,X,363
0521,16,X,379
0522,15,X,394
0523,19,X,413
0524,18,X,431
0525,12,X,443
0526,11,X,454
0527,9,X,463
0528,15,X,478
0529,10,X,488
0530,15,X,503
0531,14,X,517
0601,7,X,524
0602,1,X,525
