date_in_year,deaths,html,total_deaths
0401,25,X,25
0402,17,X,42
0403,17,X,59
0404,9,X,68
0405,18,X,86
0406,19,X,105
0407,16,X,121
0408,15,X,136
0409,15,X,151
0410,17,X,168
0411,18,X,186
0412,17,X,203
0413,7,X,210
0414,3,X,213
