date_in_year,deaths,html,total_deaths
0401,18,X,18
0402,14,X,32
0403,18,X,50
0404,11,X,61
0405,20,X,81
0406,20,X,101
0407,19,X,120
0408,18,X,138
0409,20,X,158
0410,22,X,180
0411,24,X,204
0412,20,X,224
0413,13,X,237
0414,19,X,256
0415,13,X,269
0416,11,X,280
0417,20,X,300
0418,17,X,317
0419,18,X,335
0420,20,X,355
0421,18,X,373
0422,20,X,393
0423,20,X,413
0424,8,X,421
0425,10,X,431
0426,10,X,441
0427,13,X,454
0428,13,X,467
0429,8,X,475
0430,10,X,485
0501,5,X,490
