date_in_year,deaths,html,total_deaths
0301,18,X,18
0302,11,X,29
0303,18,X,47
0304,31,X,78
0305,30,X,108
0306,30,X,138
0307,27,X,165
0308,24,X,189
0309,25,X,214
0310,33,X,247
0311,20,X,267
0312,19,X,286
0313,32,X,318
0314,20,X,338
0315,19,X,357
0316,17,X,374
0317,18,X,392
0318,17,X,409
0319,20,X,429
0320,18,X,447
0321,20,X,467
0322,23,X,490
0323,21,X,511
0324,22,X,533
0325,17,X,550
0326,15,X,565
0327,24,X,589
0328,17,X,606
0329,12,X,618
0330,11,X,629
0331,13,X,642
0401,12,X,654
0402,2,X,656
