date_in_year,deaths,html,total_deaths
0401,26,X,26
0402,19,X,45
0403,21,X,66
0404,11,X,77
0405,20,X,97
0406,20,X,117
0407,18,X,135
0408,17,X,152
0409,19,X,171
0410,22,X,193
0411,24,X,217
0412,20,X,237
0413,13,X,250
0414,19,X,269
0415,13,X,282
0416,11,X,293
0417,20,X,313
0418,17,X,330
0419,18,X,348
0420,20,X,368
0421,17,X,385
0422,18,X,403
0423,17,X,420
0424,10,X,430
0425,8,X,438
0426,8,X,446
0427,7,X,453
0428,6,X,459
