date_in_year,deaths,html,total_deaths
0601,14,X,14
0602,15,X,29
0603,12,X,41
0604,10,X,51
0605,14,X,65
0606,14,X,79
0607,17,X,96
0608,13,X,109
0609,12,X,121
0610,5,X,126
