date_in_year,deaths,html,total_deaths
0201,20,X,20
0202,15,X,35
0203,24,X,59
0204,15,X,74
0205,15,X,89
0206,21,X,110
0207,19,X,129
0208,23,X,152
0209,13,X,165
0210,17,X,182
0211,19,X,201
0212,25,X,226
0213,21,X,247
0214,17,X,264
0215,14,X,278
0216,16,X,294
0217,25,X,319
0218,19,X,338
0219,19,X,357
0220,9,X,366
0221,1,X,367
