date_in_year,deaths,html,total_deaths
0501,20,X,20
0502,27,X,47
0503,20,X,67
0504,16,X,83
0505,15,X,98
0506,20,X,118
0507,18,X,136
0508,22,X,158
0509,14,X,172
0510,12,X,184
0511,13,X,197
0512,15,X,212
0513,21,X,233
0514,19,X,252
0515,17,X,269
0516,16,X,285
0517,15,X,300
0518,18,X,318
0519,15,X,333
0520,12,X,345
0521,7,X,352
0522,10,X,362
