date_in_year,deaths,html,total_deaths
0401,24,X,24
0402,17,X,41
0403,17,X,58
0404,8,X,66
0405,18,X,84
0406,19,X,103
0407,16,X,119
0408,15,X,134
0409,13,X,147
0410,15,X,162
0411,15,X,177
0412,14,X,191
0413,4,X,195
