date_in_year,deaths,html,total_deaths
0201,20,X,20
0202,15,X,35
0203,24,X,59
0204,15,X,74
0205,15,X,89
0206,20,X,109
0207,19,X,128
0208,23,X,151
0209,13,X,164
0210,17,X,181
0211,19,X,200
0212,25,X,225
0213,21,X,246
0214,17,X,263
0215,14,X,277
0216,16,X,293
0217,25,X,318
0218,19,X,337
0219,16,X,353
0220,5,X,358
