date_in_year,deaths,html,total_deaths
0501,18,X,18
0502,21,X,39
0503,21,X,60
0504,18,X,78
0505,15,X,93
0506,20,X,113
0507,19,X,132
0508,22,X,154
0509,14,X,168
0510,14,X,182
0511,14,X,196
0512,16,X,212
0513,22,X,234
0514,19,X,253
0515,20,X,273
0516,18,X,291
0517,16,X,307
0518,19,X,326
0519,20,X,346
0520,20,X,366
0521,16,X,382
0522,15,X,397
0523,19,X,416
0524,18,X,434
0525,12,X,446
0526,11,X,457
0527,9,X,466
0528,15,X,481
0529,10,X,491
0530,15,X,506
0531,13,X,519
0601,4,X,523
