date_in_year,deaths,html,total_deaths
0601,14,X,14
0602,18,X,32
0603,14,X,46
0604,11,X,57
0605,15,X,72
0606,18,X,90
0607,18,X,108
0608,16,X,124
0609,17,X,141
0610,7,X,148
0611,6,X,154
0612,12,X,166
0613,5,X,171
0614,1,X,172
