date_in_year,deaths,html,total_deaths
0401,18,X,18
0402,14,X,32
0403,22,X,54
0404,11,X,65
0405,20,X,85
0406,20,X,105
0407,18,X,123
0408,18,X,141
0409,20,X,161
0410,22,X,183
0411,24,X,207
0412,20,X,227
0413,13,X,240
0414,19,X,259
0415,13,X,272
0416,11,X,283
0417,20,X,303
0418,17,X,320
0419,18,X,338
0420,21,X,359
0421,18,X,377
0422,20,X,397
0423,19,X,416
0424,8,X,424
0425,8,X,432
0426,9,X,441
0427,12,X,453
0428,10,X,463
0429,7,X,470
0430,4,X,474
