date_in_year,deaths,html,total_deaths
0401,26,X,26
0402,19,X,45
0403,19,X,64
0404,11,X,75
0405,20,X,95
0406,20,X,115
0407,18,X,133
0408,17,X,150
0409,18,X,168
0410,22,X,190
0411,22,X,212
0412,20,X,232
0413,11,X,243
0414,17,X,260
0415,13,X,273
0416,10,X,283
0417,20,X,303
0418,17,X,320
0419,18,X,338
0420,14,X,352
0421,13,X,365
0422,7,X,372
0423,5,X,377
