date_in_year,deaths,html,total_deaths
0301,32,X,32
0302,28,X,60
0303,31,X,91
0304,31,X,122
0305,29,X,151
0306,25,X,176
0307,25,X,201
0308,24,X,225
0309,25,X,250
0310,29,X,279
0311,17,X,296
0312,15,X,311
0313,28,X,339
0314,17,X,356
0315,13,X,369
0316,9,X,378
0317,12,X,390
0318,7,X,397
0319,2,X,399
