date_in_year,deaths,html,total_deaths
0501,20,X,20
0502,27,X,47
0503,20,X,67
0504,16,X,83
0505,15,X,98
0506,19,X,117
0507,17,X,134
0508,20,X,154
0509,13,X,167
0510,10,X,177
0511,13,X,190
0512,15,X,205
0513,16,X,221
0514,18,X,239
0515,13,X,252
0516,12,X,264
0517,8,X,272
0518,8,X,280
