date_in_year,deaths,html,total_deaths
0501,20,X,20
0502,27,X,47
0503,20,X,67
0504,16,X,83
0505,15,X,98
0506,20,X,118
0507,18,X,136
0508,22,X,158
0509,14,X,172
0510,11,X,183
0511,13,X,196
0512,15,X,211
0513,21,X,232
0514,19,X,251
0515,17,X,268
0516,16,X,284
0517,15,X,299
0518,18,X,317
0519,14,X,331
0520,12,X,343
0521,2,X,345
0522,2,X,347
