date_in_year,deaths,html,total_deaths
0501,19,X,19
0502,27,X,46
0503,18,X,64
0504,15,X,79
0505,13,X,92
0506,14,X,106
0507,14,X,120
0508,12,X,132
0509,10,X,142
0510,5,X,147
0511,12,X,159
0512,6,X,165
