date_in_year,deaths,html,total_deaths
0301,32,X,32
0302,28,X,60
0303,33,X,93
0304,31,X,124
0305,30,X,154
0306,27,X,181
0307,27,X,208
0308,24,X,232
0309,25,X,257
0310,32,X,289
0311,17,X,306
0312,17,X,323
0313,32,X,355
0314,18,X,373
0315,17,X,390
0316,14,X,404
0317,16,X,420
0318,16,X,436
0319,18,X,454
0320,15,X,469
0321,17,X,486
0323,13,X,499
0324,7,X,506
0324,8,X,514
