date_in_year,deaths,html,total_deaths
0501,20,X,20
0502,27,X,47
0503,19,X,66
0504,16,X,82
0505,15,X,97
0506,17,X,114
0507,17,X,131
0508,20,X,151
0509,13,X,164
0510,8,X,172
0511,13,X,185
0512,11,X,196
0513,11,X,207
0514,11,X,218
0515,4,X,222
