date_in_year,deaths,html,total_deaths
0601,14,X,14
0602,16,X,30
0603,12,X,42
0604,11,X,53
0605,15,X,68
0606,14,X,82
0607,17,X,99
0608,14,X,113
0609,13,X,126
0610,6,X,132
