date_in_year,deaths,html,total_deaths
0401,25,X,25
0402,19,X,44
0403,17,X,61
0404,10,X,71
0405,19,X,90
0406,20,X,110
0407,16,X,126
0408,15,X,141
0409,17,X,158
0410,19,X,177
0411,20,X,197
0412,20,X,217
0413,10,X,227
0414,11,X,238
0415,7,X,245
0416,4,X,249
