date_in_year,deaths,html,total_deaths
0401,25,X,25
0402,19,X,44
0403,17,X,61
0404,10,X,71
0405,19,X,90
0406,19,X,109
0407,16,X,125
0408,15,X,140
0409,17,X,157
0410,19,X,176
0411,20,X,196
0412,20,X,216
0413,10,X,226
0414,11,X,237
0415,7,X,244
0416,4,X,248
