date_in_year,deaths,html,total_deaths
0201,21,X,21
0202,17,X,38
0203,26,X,64
0204,18,X,82
0205,16,X,98
0206,22,X,120
0207,19,X,139
0208,24,X,163
0209,15,X,178
0210,19,X,197
0211,20,X,217
0212,25,X,242
0213,23,X,265
0214,18,X,283
0215,14,X,297
0216,18,X,315
0217,31,X,346
0218,21,X,367
0219,28,X,395
0220,15,X,410
0221,16,X,426
0222,13,X,439
0223,13,X,452
0224,5,X,457
0225,7,X,464
