date_in_year,deaths,html,total_deaths
0501,20,X,20
0502,27,X,47
0503,20,X,67
0504,17,X,84
0505,15,X,99
0506,20,X,119
0507,18,X,137
0508,23,X,160
0509,14,X,174
0510,12,X,186
0511,14,X,200
0512,16,X,216
0513,22,X,238
0514,19,X,257
0515,19,X,276
0516,16,X,292
0517,16,X,308
0518,18,X,326
0519,18,X,344
0520,20,X,364
0521,13,X,377
0522,13,X,390
0523,17,X,407
0524,8,X,415
0525,5,X,420
0526,2,X,422
