date_in_year,deaths,html,total_deaths
0401,24,X,24
0402,17,X,41
0403,17,X,58
0404,8,X,66
0405,18,X,84
0406,19,X,103
0407,16,X,119
0408,13,X,132
0409,12,X,144
0410,14,X,158
0411,14,X,172
0412,8,X,180
