date_in_year,deaths,html,total_deaths
0601,14,X,14
0602,16,X,30
0603,14,X,44
0604,11,X,55
0605,15,X,70
0606,14,X,84
0607,17,X,101
0608,14,X,115
0609,15,X,130
0610,5,X,135
0611,2,X,137
0612,1,X,138
