date_in_year,deaths,html,total_deaths
0401,25,X,25
0402,19,X,44
0403,17,X,61
0404,10,X,71
0405,19,X,90
0406,20,X,110
0407,16,X,126
0408,16,X,142
0409,17,X,159
0410,19,X,178
0411,20,X,198
0412,20,X,218
0413,11,X,229
0414,12,X,241
0415,8,X,249
0416,7,X,256
0417,7,X,263
