date_in_year,deaths,html,total_deaths
0401,25,X,25
0402,19,X,44
0403,17,X,61
0404,10,X,71
0405,19,X,90
0406,20,X,110
0407,16,X,126
0408,16,X,142
0409,18,X,160
0410,20,X,180
0411,21,X,201
0412,19,X,220
0413,11,X,231
0414,12,X,243
0415,9,X,252
0416,7,X,259
0417,10,X,269
0418,7,X,276
