date_in_year,deaths,html,total_deaths
0501,20,X,20
0502,27,X,47
0503,19,X,66
0504,16,X,82
0505,15,X,97
0506,17,X,114
0507,17,X,131
0508,20,X,151
0509,13,X,164
0510,9,X,173
0511,13,X,186
0512,13,X,199
0513,14,X,213
0514,13,X,226
0515,10,X,236
0516,6,X,242
0517,1,X,243
