date_in_year,deaths,html,total_deaths
0601,14,X,14
0602,16,X,30
0603,14,X,44
0604,11,X,55
0605,15,X,70
0606,14,X,84
0607,18,X,102
0608,14,X,116
0609,15,X,131
0610,5,X,136
0611,3,X,139
0612,2,X,141
