date_in_year,deaths,html,total_deaths
0401,26,X,26
0402,19,X,45
0403,21,X,66
0404,11,X,77
0405,20,X,97
0406,20,X,117
0407,18,X,135
0408,17,X,152
0409,18,X,170
0410,22,X,192
0411,23,X,215
0412,20,X,235
0413,13,X,248
0414,19,X,267
0415,13,X,280
0416,11,X,291
0417,20,X,311
0418,17,X,328
0419,18,X,346
0420,18,X,364
0421,17,X,381
0422,18,X,399
0423,17,X,416
0424,10,X,426
0425,5,X,431
0426,5,X,436
0427,2,X,438
