date_in_year,deaths,html,total_deaths
0201,20,X,20
0202,18,X,38
0203,26,X,64
0204,18,X,82
0205,16,X,98
0206,23,X,121
0207,21,X,142
0208,25,X,167
0209,15,X,182
0210,20,X,202
0211,20,X,222
0212,25,X,247
0213,28,X,275
0214,20,X,295
0215,15,X,310
0216,18,X,328
0217,34,X,362
0218,21,X,383
0219,28,X,411
0220,16,X,427
0221,21,X,448
0222,17,X,465
0223,16,X,481
0224,11,X,492
0225,19,X,511
0226,18,X,529
0227,9,X,538
0228,10,X,548
0301,5,X,553
