date_in_year,deaths,html,total_deaths
0601,14,X,14
0602,18,X,32
0603,14,X,46
0604,11,X,57
0605,16,X,73
0606,19,X,92
0607,21,X,113
0608,18,X,131
0609,17,X,148
0610,8,X,156
0611,8,X,164
0612,17,X,181
0613,11,X,192
0614,10,X,202
0615,7,X,209
0616,1,X,210
