date_in_year,deaths,html,total_deaths
0501,19,X,19
0502,27,X,46
0503,19,X,65
0504,15,X,80
0505,14,X,94
0506,16,X,110
0507,14,X,124
0508,16,X,140
0509,10,X,150
0510,5,X,155
0511,12,X,167
0512,10,X,177
0513,3,X,180
