date_in_year,deaths,html,total_deaths
0401,18,X,18
0402,14,X,32
0403,21,X,53
0404,11,X,64
0405,20,X,84
0406,20,X,104
0407,19,X,123
0408,18,X,141
0409,20,X,161
0410,22,X,183
0411,24,X,207
0412,20,X,227
0413,13,X,240
0414,19,X,259
0415,13,X,272
0416,11,X,283
0417,20,X,303
0418,17,X,320
0419,18,X,338
0420,21,X,359
0421,18,X,377
0422,20,X,397
0423,20,X,417
0424,8,X,425
0425,10,X,435
0426,10,X,445
0427,13,X,458
0428,13,X,471
0429,8,X,479
0430,8,X,487
0501,4,X,491
