date_in_year,deaths,html,total_deaths
0401,25,X,25
0402,19,X,44
0403,17,X,61
0404,9,X,70
0405,19,X,89
0406,19,X,108
0407,16,X,124
0408,15,X,139
0409,16,X,155
0410,19,X,174
0411,19,X,193
0412,19,X,212
0413,10,X,222
0414,11,X,233
0415,6,X,239
0416,4,X,243
