date_in_year,deaths,html,total_deaths
0301,32,X,32
0302,28,X,60
0303,31,X,91
0304,31,X,122
0305,29,X,151
0306,25,X,176
0307,24,X,200
0308,24,X,224
0309,24,X,248
0310,27,X,275
0311,16,X,291
0312,15,X,306
0313,25,X,331
0314,15,X,346
0315,10,X,356
0316,5,X,361
