date_in_year,deaths,html,total_deaths
0201,19,X,19
0202,15,X,34
0203,23,X,57
0204,13,X,70
0205,13,X,83
0206,19,X,102
0207,17,X,119
0208,21,X,140
0209,10,X,150
0210,13,X,163
0211,14,X,177
0212,16,X,193
0213,7,X,200
