date_in_year,deaths,html,total_deaths
0201,20,X,20
0202,15,X,35
0203,24,X,59
0204,15,X,74
0205,16,X,90
0206,21,X,111
0207,19,X,130
0208,23,X,153
0209,13,X,166
0210,17,X,183
0211,19,X,202
0212,25,X,227
0213,21,X,248
0214,17,X,265
0215,14,X,279
0216,16,X,295
0217,25,X,320
0218,19,X,339
0219,19,X,358
0220,9,X,367
0221,1,X,368
