date_in_year,deaths,html,total_deaths
0201,19,X,19
0202,15,X,34
0203,24,X,58
0204,14,X,72
0205,14,X,86
0206,19,X,105
0207,18,X,123
0208,23,X,146
0209,13,X,159
0210,16,X,175
0211,20,X,195
0212,24,X,219
0213,18,X,237
0214,17,X,254
0215,12,X,266
0216,9,X,275
0217,8,X,283
