date_in_year,deaths,html,total_deaths
0601,14,X,14
0602,18,X,32
0603,14,X,46
0604,11,X,57
0605,15,X,72
0606,16,X,88
0607,18,X,106
0608,16,X,122
0609,16,X,138
0610,6,X,144
0611,5,X,149
0612,5,X,154
