date_in_year,deaths,html,total_deaths
0201,20,X,20
0202,16,X,36
0203,26,X,62
0204,18,X,80
0205,16,X,96
0206,21,X,117
0207,19,X,136
0208,23,X,159
0209,13,X,172
0210,18,X,190
0211,19,X,209
0212,25,X,234
0213,23,X,257
0214,17,X,274
0215,14,X,288
0216,17,X,305
0217,28,X,333
0218,20,X,353
0219,22,X,375
0220,13,X,388
0221,11,X,399
0222,8,X,407
0223,3,X,410
0224,1,X,411
