date_in_year,deaths,html,total_deaths
0201,20,X,20
0202,16,X,36
0203,25,X,61
0204,16,X,77
0205,16,X,93
0206,21,X,114
0207,19,X,133
0208,23,X,156
0209,13,X,169
0210,18,X,187
0211,19,X,206
0212,25,X,231
0213,23,X,254
0214,17,X,271
0215,14,X,285
0216,17,X,302
0217,27,X,329
0218,21,X,350
0219,22,X,372
0220,13,X,385
0221,11,X,396
0222,7,X,403
0223,3,X,406
