date_in_year,deaths,html,total_deaths
0201,21,X,21
0202,16,X,37
0203,26,X,63
0204,18,X,81
0205,16,X,97
0206,22,X,119
0207,19,X,138
0208,24,X,162
0209,15,X,177
0210,19,X,196
0211,19,X,215
0212,25,X,240
0213,23,X,263
0214,17,X,280
0215,15,X,295
0216,18,X,313
0217,31,X,344
0218,21,X,365
0219,27,X,392
0220,15,X,407
0221,15,X,422
0222,13,X,435
0223,9,X,444
0224,5,X,449
0225,1,X,450
