date_in_year,deaths,html,total_deaths
0301,32,X,32
0302,28,X,60
0303,29,X,89
0304,16,X,105
0305,18,X,123
0306,14,X,137
0307,13,X,150
0308,14,X,164
0309,12,X,176
0310,14,X,190
0311,9,X,199
0312,5,X,204
