date_in_year,deaths,html,total_deaths
0201,20,X,20
0202,15,X,35
0203,24,X,59
0204,14,X,73
0205,14,X,87
0206,20,X,107
0207,19,X,126
0208,23,X,149
0209,13,X,162
0210,16,X,178
0211,19,X,197
0212,24,X,221
0213,19,X,240
0214,17,X,257
0215,13,X,270
0216,16,X,286
0217,21,X,307
0218,14,X,321
0219,1,X,322
