date_in_year,deaths,html,total_deaths
0601,14,X,14
0602,18,X,32
0603,14,X,46
0604,11,X,57
0605,15,X,72
0606,19,X,91
0607,19,X,110
0608,17,X,127
0609,17,X,144
0610,8,X,152
0611,7,X,159
0612,17,X,176
0613,10,X,186
0614,7,X,193
0615,5,X,198
