date_in_year,deaths,html,total_deaths
0401,25,X,25
0402,19,X,44
0403,18,X,62
0404,10,X,72
0405,19,X,91
0406,20,X,111
0407,16,X,127
0408,16,X,143
0409,18,X,161
0410,20,X,181
0411,22,X,203
0412,19,X,222
0413,11,X,233
0414,13,X,246
0415,10,X,256
0416,6,X,262
0417,12,X,274
0418,8,X,282
0419,4,X,286
