date_in_year,deaths,html,total_deaths
0301,32,X,32
0302,28,X,60
0303,31,X,91
0304,31,X,122
0305,29,X,151
0306,26,X,177
0307,26,X,203
0308,24,X,227
0309,25,X,252
0310,30,X,282
0311,17,X,299
0312,17,X,316
0313,30,X,346
0314,17,X,363
0315,13,X,376
0316,9,X,385
0317,12,X,397
0318,9,X,406
0319,8,X,414
0320,1,X,415
