date_in_year,deaths,html,total_deaths
0201,22,X,22
0202,18,X,40
0203,22,X,62
0204,18,X,80
0205,14,X,94
0206,23,X,117
0207,21,X,138
0208,25,X,163
0209,15,X,178
0210,21,X,199
0211,22,X,221
0212,26,X,247
0213,27,X,274
0214,21,X,295
0215,15,X,310
0216,18,X,328
0217,35,X,363
0218,21,X,384
0219,29,X,413
0220,20,X,433
0221,22,X,455
0222,17,X,472
0223,17,X,489
0224,12,X,501
0225,21,X,522
0226,21,X,543
0227,13,X,556
0228,17,X,573
0301,16,X,589
0302,5,X,594
0303,9,X,603
0304,5,X,608
