date_in_year,deaths,html,total_deaths
0501,18,X,18
0502,26,X,44
0503,16,X,60
0504,14,X,74
0505,12,X,86
0506,11,X,97
0507,13,X,110
0508,10,X,120
0509,10,X,130
0510,4,X,134
0511,4,X,138
