date_in_year,deaths,html,total_deaths
0201,20,X,20
0202,15,X,35
0203,24,X,59
0204,15,X,74
0205,15,X,89
0206,20,X,109
0207,19,X,128
0208,23,X,151
0209,13,X,164
0210,17,X,181
0211,19,X,200
0212,24,X,224
0213,20,X,244
0214,17,X,261
0215,14,X,275
0216,16,X,291
0217,25,X,316
0218,16,X,332
0219,16,X,348
0220,3,X,351
