date_in_year,deaths,html,total_deaths
0201,21,X,21
0202,17,X,38
0203,26,X,64
0204,18,X,82
0205,16,X,98
0206,23,X,121
0207,21,X,142
0208,24,X,166
0209,15,X,181
0210,19,X,200
0211,20,X,220
0212,25,X,245
0213,23,X,268
0214,18,X,286
0215,14,X,300
0216,18,X,318
0217,31,X,349
0218,21,X,370
0219,29,X,399
0220,15,X,414
0221,17,X,431
0222,14,X,445
0223,16,X,461
0224,8,X,469
0225,11,X,480
0226,4,X,484
