date_in_year,deaths,html,total_deaths
0301,32,X,32
0302,28,X,60
0303,30,X,90
0304,29,X,119
0305,28,X,147
0306,15,X,162
0307,13,X,175
0308,14,X,189
0309,12,X,201
0310,14,X,215
0311,9,X,224
0312,7,X,231
0313,1,X,232
