date_in_year,deaths,html,total_deaths
0301,32,X,32
0302,28,X,60
0303,31,X,91
0304,31,X,122
0305,29,X,151
0306,25,X,176
0307,25,X,201
0308,24,X,225
0309,25,X,250
0310,28,X,278
0311,16,X,294
0312,15,X,309
0313,26,X,335
0314,16,X,351
0315,12,X,363
0316,8,X,371
0317,5,X,376
0318,2,X,378
