date_in_year,deaths,html,total_deaths
0401,26,X,26
0402,19,X,45
0403,19,X,64
0404,11,X,75
0405,20,X,95
0406,20,X,115
0407,18,X,133
0408,17,X,150
0409,18,X,168
0410,22,X,190
0411,23,X,213
0412,20,X,233
0413,11,X,244
0414,17,X,261
0415,13,X,274
0416,10,X,284
0417,20,X,304
0418,17,X,321
0419,18,X,339
0420,14,X,353
0421,13,X,366
0422,8,X,374
0423,6,X,380
