date_in_year,deaths,html,total_deaths
0201,22,X,22
0202,18,X,40
0203,22,X,62
0204,16,X,78
0205,16,X,94
0206,23,X,117
0207,21,X,138
0208,25,X,163
0209,15,X,178
0210,20,X,198
0211,21,X,219
0212,26,X,245
0213,28,X,273
0214,21,X,294
0215,15,X,309
0216,18,X,327
0217,34,X,361
0218,21,X,382
0219,28,X,410
0220,18,X,428
0221,22,X,450
0222,17,X,467
0223,17,X,484
0224,12,X,496
0225,21,X,517
0226,20,X,537
0227,13,X,550
0228,17,X,567
0301,16,X,583
0302,4,X,587
0303,6,X,593
0304,1,X,594
