date_in_year,deaths,html,total_deaths
0401,25,X,25
0402,18,X,43
0403,17,X,60
0404,9,X,69
0405,18,X,87
0406,19,X,106
0407,16,X,122
0408,15,X,137
0409,15,X,152
0410,19,X,171
0411,19,X,190
0412,18,X,208
0413,10,X,218
0414,8,X,226
0415,1,X,227
