date_in_year,deaths,html,total_deaths
0201,20,X,20
0202,16,X,36
0203,25,X,61
0204,15,X,76
0205,16,X,92
0206,21,X,113
0207,19,X,132
0208,23,X,155
0209,13,X,168
0210,17,X,185
0211,19,X,204
0212,25,X,229
0213,22,X,251
0214,17,X,268
0215,14,X,282
0216,16,X,298
0217,25,X,323
0218,19,X,342
0219,19,X,361
0220,11,X,372
0221,6,X,378
