date_in_year,deaths,html,total_deaths
0301,32,X,32
0302,28,X,60
0303,33,X,93
0304,31,X,124
0305,30,X,154
0306,29,X,183
0307,27,X,210
0308,24,X,234
0309,25,X,259
0310,33,X,292
0311,19,X,311
0312,19,X,330
0313,32,X,362
0314,20,X,382
0315,17,X,399
0316,17,X,416
0317,18,X,434
0318,16,X,450
0319,19,X,469
0320,17,X,486
0321,18,X,504
0322,19,X,523
0323,18,X,541
0324,19,X,560
0325,10,X,570
0326,13,X,583
0327,8,X,591
0328,5,X,596
