date_in_year,deaths,html,total_deaths
0601,14,X,14
0602,16,X,30
0603,13,X,43
0604,11,X,54
0605,15,X,69
0606,14,X,83
0607,17,X,100
0608,14,X,114
0609,15,X,129
0610,5,X,134
0611,2,X,136
0612,1,X,137
