date_in_year,deaths,html,total_deaths
0501,20,X,20
0502,27,X,47
0503,20,X,67
0504,16,X,83
0505,15,X,98
0506,18,X,116
0507,17,X,133
0508,20,X,153
0509,13,X,166
0510,10,X,176
0511,13,X,189
0512,15,X,204
0513,15,X,219
0514,16,X,235
0515,11,X,246
0516,8,X,254
0517,6,X,260
