date_in_year,deaths,html,total_deaths
0501,20,X,20
0502,27,X,47
0503,20,X,67
0504,16,X,83
0505,15,X,98
0506,19,X,117
0507,17,X,134
0508,22,X,156
0509,13,X,169
0510,11,X,180
0511,13,X,193
0512,15,X,208
0513,19,X,227
0514,18,X,245
0515,15,X,260
0516,12,X,272
0517,16,X,288
0518,14,X,302
0519,12,X,314
0520,1,X,315
