date_in_year,deaths,html,total_deaths
0301,19,X,19
0302,10,X,29
0303,33,X,62
0304,31,X,93
0305,30,X,123
0306,30,X,153
0307,27,X,180
0308,24,X,204
0309,25,X,229
0310,33,X,262
0311,20,X,282
0312,19,X,301
0313,32,X,333
0314,20,X,353
0315,18,X,371
0316,17,X,388
0317,18,X,406
0318,17,X,423
0319,19,X,442
0320,18,X,460
0321,19,X,479
0322,23,X,502
0323,21,X,523
0324,22,X,545
0325,15,X,560
0326,14,X,574
0327,21,X,595
0328,16,X,611
0329,11,X,622
0330,8,X,630
0331,9,X,639
0401,5,X,644
