date_in_year,deaths,html,total_deaths
0401,22,X,22
0402,16,X,38
0403,15,X,53
0404,8,X,61
0405,18,X,79
0406,18,X,97
0407,15,X,112
0408,12,X,124
0409,11,X,135
0410,10,X,145
0411,3,X,148
