date_in_year,deaths,html,total_deaths
0201,22,X,22
0202,18,X,40
0203,22,X,62
0204,18,X,80
0205,14,X,94
0206,23,X,117
0207,21,X,138
0208,25,X,163
0209,15,X,178
0210,21,X,199
0211,22,X,221
0212,26,X,247
0213,27,X,274
0214,21,X,295
0215,15,X,310
0216,18,X,328
0217,36,X,364
0218,22,X,386
0219,29,X,415
0220,20,X,435
0221,22,X,457
0222,17,X,474
0223,18,X,492
0224,12,X,504
0225,21,X,525
0226,21,X,546
0227,13,X,559
0228,18,X,577
0301,17,X,594
0302,6,X,600
0303,11,X,611
0304,7,X,618
0305,2,X,620
