date_in_year,deaths,html,total_deaths
0401,26,X,26
0402,19,X,45
0403,22,X,67
0404,11,X,78
0405,20,X,98
0406,20,X,118
0407,18,X,136
0408,18,X,154
0409,20,X,174
0410,22,X,196
0411,24,X,220
0412,20,X,240
0413,13,X,253
0414,19,X,272
0415,13,X,285
0416,11,X,296
0417,20,X,316
0418,17,X,333
0419,18,X,351
0420,21,X,372
0421,18,X,390
0422,19,X,409
0423,19,X,428
0424,10,X,438
0425,8,X,446
0426,9,X,455
0427,9,X,464
0428,8,X,472
0429,2,X,474
