date_in_year,deaths,html,total_deaths
0501,19,X,19
0502,27,X,46
0503,18,X,64
0504,15,X,79
0505,13,X,92
0506,15,X,107
0507,14,X,121
0508,14,X,135
0509,10,X,145
0510,5,X,150
0511,12,X,162
0512,8,X,170
0513,1,X,171
